0.000000000000000000e+00 3.960823766262271985e-03 2.302038315382910066e-02 -2.933128042208178049e-02 2.344531222100419698e-02 4.430045254287242815e-04 -4.226094760684988641e-04 1.087482881859791646e-03 1.930657117676592115e-04 -1.212292899894263260e-04
1.000000000000000056e-01 -1.158003156304466263e-01 3.454557364956005461e-02 -1.603917729940999154e-02 -1.045048646104743476e-02 7.471806763337638865e-03 -1.483856461966264785e-02 -5.090309888763759096e-03 -9.437868064025129247e-03 -9.554170586815517036e-03
2.000000000000000111e-01 -6.867091326778645977e-02 -9.350413039747253185e-02 -3.437542441076647803e-02 -5.861718485337140405e-02 -1.264247626471693212e-02 -1.556144405659408772e-02 -1.370514968216800765e-02 -1.424434587571896289e-02 -1.659802589163556635e-02
3.000000000000000444e-01 2.068958783340861529e-01 5.718913561868856077e-03 2.106160249458129130e-02 -1.405857871073076804e-02 -1.548225405825490869e-02 -1.802036295605370653e-02 -2.074862019828310408e-02 -2.328240840064790124e-02 -1.830509549009146086e-02
4.000000000000000222e-01 -1.056619922051528493e-01 -7.382768870308423215e-02 -5.280326999375495323e-02 -3.083047035056436097e-02 -5.110235997424068116e-03 -1.284032615225984969e-02 -2.574750302769751586e-02 -2.305200262151241991e-02 -2.255035301450163468e-02
5.000000000000000000e-01 5.843500114910948895e-02 -8.463280182501756177e-02 -4.994586626166551413e-02 -4.972553888408903777e-02 -7.607128590894626091e-03 -2.223147664876635315e-02 -2.163978608084903693e-02 -1.848647376753876845e-02 -1.974140718921285273e-02
6.000000000000000888e-01 -5.185766473841936508e-02 -1.550518968813814624e-02 -1.170701000806581571e-02 -2.653963131183309163e-02 3.849018199496217346e-03 -2.803089533951242524e-02 -1.112424554844212120e-02 -1.586781253472514808e-02 -1.767876882235875149e-02
7.000000000000000666e-01 -1.815681102790544510e-01 1.674429555322627314e-02 2.054417996071425390e-02 6.229782010785389623e-03 -2.254437946244901986e-02 -6.067445088392390933e-03 -1.109894227851051553e-02 -1.143253419417270336e-02 -1.066972207650821250e-02
8.000000000000000444e-01 -4.771591781587737613e-02 5.710195430693319057e-02 -1.544126563150496380e-02 5.465691635551848948e-03 -1.542201635077499432e-02 -7.218848168719835777e-04 -8.566632590919366630e-03 -2.490522471203465357e-03 -3.446147488378041666e-03
9.000000000000000222e-01 6.727462861958477536e-02 3.318414872476277422e-02 -3.735020330519086412e-02 -2.138686901813920127e-02 3.366455101622033673e-03 1.309339869766471161e-03 6.598675377494089833e-03 3.533141213355496524e-03 5.850012069555958136e-03
1.000000000000000000e+00 -8.905192050326347919e-02 -5.974272352227034955e-04 -6.084004051482252984e-02 2.233488144582797610e-02 1.742520315321593669e-02 1.286948906656338286e-02 1.243644538915103515e-02 1.487448225902552983e-02 1.805348906486421365e-02
1.100000000000000089e+00 1.214813245807706416e-01 2.635038618515641792e-02 7.824206320425672323e-03 4.690933467422551961e-02 2.999450892851450445e-02 3.143522962372843899e-02 2.812814952959452955e-02 2.979552105527139005e-02 2.712744396335071972e-02
1.200000000000000178e+00 6.080993557434288821e-02 6.393221098893983600e-02 2.493443813668443088e-03 5.143231680993727573e-02 4.115597031357288993e-02 4.188731446123448304e-02 3.886004682917710423e-02 4.312708242388171159e-02 4.096479966373441084e-02
1.300000000000000044e+00 2.690807304449718135e-02 2.647243804515731283e-02 5.365340575774110721e-02 2.888563990225823455e-02 6.174402345503109818e-02 5.587165415081162684e-02 5.670957945421074842e-02 5.495849024042302050e-02 5.556036740500887305e-02
1.400000000000000133e+00 1.627670238798524793e-01 5.942267300638300748e-02 8.751482587085136766e-02 6.214341537900789497e-02 7.191111219008616828e-02 6.629635916928292017e-02 6.875087625670604774e-02 7.199417809458329154e-02 6.904881195729180299e-02
1.500000000000000000e+00 -3.623369502578323298e-02 1.838531166336716538e-01 1.433367215290361485e-01 8.654508644185202049e-02 8.563676836391835578e-02 7.877408054913653812e-02 9.270499332394267766e-02 8.760479435587945063e-02 8.609491564879738490e-02
1.600000000000000089e+00 3.013548003552089793e-02 1.018608702521368314e-01 1.030514008827734390e-01 8.938727662640885696e-02 9.261172858082331039e-02 9.825090226893204437e-02 1.052887579981104244e-01 1.037307207976978091e-01 1.005854668001807395e-01
1.700000000000000178e+00 1.148531272413070292e-01 9.594835871290358087e-02 7.914035106528520547e-02 8.341740112204720781e-02 1.243282464246241587e-01 1.141062776572807080e-01 1.145007796540235684e-01 1.175120304623148010e-01 1.183160162894813100e-01
1.800000000000000044e+00 6.423492353981170855e-02 2.137783234814389366e-01 1.603314719178657866e-01 1.482173048534934645e-01 1.366215466638416032e-01 1.285434832640746372e-01 1.283286700418078408e-01 1.312728276847130726e-01 1.316323311548618924e-01
1.900000000000000133e+00 1.268638174668174634e-01 8.883782655365636549e-02 1.980317602369889851e-01 1.466317216243177013e-01 1.455710567963011404e-01 1.484315733852953345e-01 1.452822086443049943e-01 1.442017399253198440e-01 1.459957457493928079e-01
2.000000000000000000e+00 -3.120507782823078724e-02 1.589641155635893865e-01 1.424187654143596327e-01 1.717540404780318053e-01 1.667507251709372529e-01 1.562024630076579712e-01 1.566472084167088441e-01 1.588111679349576977e-01 1.616444922984056065e-01
2.100000000000000089e+00 3.000233462608434820e-01 1.389922506244435918e-01 1.320238549146058593e-01 1.545192859920151429e-01 1.900135884845930434e-01 1.783316065179277321e-01 1.758292344829743559e-01 1.721721562247082449e-01 1.713231307203072484e-01
2.200000000000000178e+00 3.457604385104692257e-01 2.265390687823450322e-01 2.011430418797182096e-01 1.541593621023173433e-01 1.750200066301521862e-01 1.887535904299059153e-01 1.774845747920646699e-01 1.838861473268895985e-01 1.845972637392349625e-01
2.300000000000000266e+00 1.768983499159804962e-01 1.470062208244867219e-01 2.113856461378983143e-01 1.812118600668776447e-01 1.889288390998488942e-01 1.860036215499613899e-01 1.973562873979246846e-01 1.932833088578969905e-01 1.925389819954899939e-01
2.400000000000000355e+00 2.224366395724040602e-01 1.712477966076160485e-01 1.868902977944720545e-01 1.773315199419225330e-01 1.905483192747744470e-01 1.971666586200643834e-01 2.010493236463583300e-01 2.007220829896028402e-01 1.990350131682026569e-01
2.500000000000000000e+00 2.661605492004086582e-01 1.620420099171849537e-01 1.980263746743203268e-01 2.176650147975392746e-01 2.019133387488715459e-01 2.170867179345227216e-01 2.030996592710778981e-01 2.069842325310581876e-01 2.065647515138028245e-01
2.600000000000000089e+00 2.772391532106814327e-01 1.961189037464086127e-01 1.449681306557991656e-01 1.963021811871774602e-01 2.029456163295476345e-01 2.039194201824044705e-01 2.066470658457943699e-01 2.091764402176097271e-01 2.076485757628933337e-01
2.700000000000000178e+00 3.451070356435115283e-01 2.511967295999364969e-01 2.153485858919666207e-01 2.387379998720970953e-01 2.096306448469372752e-01 2.115903732335539522e-01 2.080725652519794799e-01 2.122123500576591493e-01 2.090239308252364037e-01
2.800000000000000266e+00 1.843343878536376490e-01 1.228816434477168901e-01 1.757256226383957232e-01 2.197559564842546109e-01 2.130113140301082009e-01 1.971448123367939842e-01 2.082732409085774616e-01 2.112173034189386012e-01 2.069938085919119097e-01
2.900000000000000355e+00 2.609270494186644029e-02 2.483634662984544050e-01 2.054362782143060451e-01 2.200901311652125880e-01 2.062449702561756915e-01 2.158070203340247406e-01 2.048851926705632098e-01 2.065985218917844313e-01 2.023742557652678520e-01
3.000000000000000000e+00 2.507973234780860317e-01 2.869912596966847640e-01 1.728568165382952937e-01 1.582219476793604584e-01 1.865708676014364853e-01 1.894531603661653296e-01 1.941084883586333132e-01 1.940418488358718607e-01 1.964378407725991538e-01
3.100000000000000089e+00 9.056925950343208687e-02 2.155487302578188435e-01 1.920054124320293432e-01 1.454465617142818856e-01 1.775582046504660949e-01 1.855067078669445646e-01 1.862331747370832569e-01 1.834164993769077379e-01 1.874460668542595465e-01
3.200000000000000178e+00 2.929902043609295959e-01 4.873141015997306535e-02 1.437518625549725482e-01 1.889047823160666939e-01 1.819086290674786777e-01 1.745160628781012579e-01 1.714035811509061757e-01 1.724497275219883108e-01 1.710624532809113807e-01
3.300000000000000266e+00 1.104512813578151925e-01 9.219792127481812871e-02 1.503044725859086495e-01 1.449308817876753253e-01 1.758197352942738045e-01 1.611872902786087303e-01 1.543891563157992752e-01 1.581976709594626607e-01 1.542824404732386911e-01
3.400000000000000355e+00 1.096310303505620004e-01 1.741064351691156975e-01 1.471306109883381008e-01 1.208300798665333381e-01 1.367459661827062356e-01 1.380762475246668231e-01 1.400444950357359886e-01 1.361121596126975974e-01 1.370207814149563275e-01
3.500000000000000000e+00 1.804203986699796647e-01 1.922263587342182556e-01 9.368886374082462110e-02 1.170125492003094847e-01 1.071221542652802394e-01 1.241040022506439688e-01 1.156524643005177461e-01 1.120336214458342583e-01 1.150010276071791182e-01
3.600000000000000089e+00 7.212807902281249961e-02 1.634874245067670095e-01 8.120936002739603810e-02 8.589521908753870727e-02 9.181943497171732305e-02 8.503742546330674001e-02 8.956672790522977878e-02 8.798491831918604789e-02 9.082361816622075423e-02
3.700000000000000178e+00 -1.091488100293173114e-01 4.086739975842330896e-02 8.680049198838225843e-03 7.814049635810002559e-02 6.588965553733779068e-02 6.739048010465359395e-02 6.216668586653522482e-02 6.025798354323921163e-02 6.064947362384953689e-02
3.800000000000000266e+00 5.576276707494580431e-02 1.059382949612841518e-01 1.410554975106611403e-02 4.395026404510278539e-02 3.570350208164296824e-02 1.975298106940619192e-02 2.861152484758519923e-02 2.834646627109465439e-02 3.141544049150035711e-02
3.900000000000000355e+00 -4.389679668466062168e-02 -7.521200601484821779e-02 -4.545295945314010294e-02 1.284005490823116220e-02 1.392416347262108445e-02 -2.902111356332530943e-03 -7.917308693296303684e-03 -2.478623930161754155e-03 -5.552417868306947207e-04
4.000000000000000000e+00 7.930464873525583380e-03 -3.105616326008218964e-03 -5.719164721544302277e-02 -4.340449307450191391e-02 -4.911302160074377393e-02 -4.519022308097101620e-02 -4.122823153295332443e-02 -3.832480763070383878e-02 -4.095014372565337901e-02
4.100000000000000533e+00 1.598609777916185082e-02 -7.596610537594399026e-02 -7.833015272045679156e-02 -7.667119218758643162e-02 -7.491207526392115734e-02 -8.189814569474951345e-02 -8.138225917077489269e-02 -7.712732070749757363e-02 -7.437570833222191535e-02
4.200000000000000178e+00 -7.260445733825282577e-02 -1.729506327709265934e-01 -1.673073861260378492e-01 -1.149926978843525543e-01 -1.230603486983533473e-01 -1.118147052307827960e-01 -1.151151783446903026e-01 -1.144657721062303929e-01 -1.147028873351836065e-01
4.299999999999999822e+00 -1.997776705928673568e-01 -1.910795613821228423e-01 -1.403084761888253040e-01 -1.697551745187463046e-01 -1.621326717898824155e-01 -1.513477531223720307e-01 -1.542252645082014817e-01 -1.577858102603590662e-01 -1.564390908507175548e-01
4.400000000000000355e+00 -1.941031593044637293e-01 -2.218074765414910499e-01 -1.734602478315475094e-01 -1.783442232308876108e-01 -2.021253695047376953e-01 -1.979027558836637390e-01 -1.938679836989043170e-01 -1.992273793443855301e-01 -2.014475197617371927e-01
4.500000000000000000e+00 -2.716278131935824236e-01 -2.531427807751867043e-01 -2.281146744892625366e-01 -2.456715984316212575e-01 -2.440767107025636484e-01 -2.389528498118371203e-01 -2.431199560147387362e-01 -2.437023768476299646e-01 -2.444350314300239024e-01
4.600000000000000533e+00 -2.925089710996792713e-01 -1.564062450870825627e-01 -2.518754646790793972e-01 -2.637287717818844746e-01 -2.928649312163189022e-01 -2.911097429487991550e-01 -2.862694709199339327e-01 -2.890199693752292798e-01 -2.891657912067772118e-01
4.700000000000000178e+00 -4.161764145314985619e-01 -2.741486628163213313e-01 -3.022986686739725926e-01 -3.249281145362581946e-01 -3.360897847042074171e-01 -3.317042192638421927e-01 -3.410108550783946813e-01 -3.349420118730784268e-01 -3.364075582370144035e-01
4.800000000000000711e+00 -1.709191145803995449e-01 -3.906739228836009770e-01 -4.376466566283936377e-01 -3.745762151775176574e-01 -3.704042514939629993e-01 -3.786596541283357431e-01 -3.779983547227259710e-01 -3.846871027065973392e-01 -3.826698631886159552e-01
4.900000000000000355e+00 -4.972511037711543347e-01 -4.153688080949554107e-01 -4.287630742739063638e-01 -4.114700138822777742e-01 -4.317399124878572580e-01 -4.401744523215745386e-01 -4.281687748553900663e-01 -4.286523885270592804e-01 -4.286702106859141548e-01
5.000000000000000000e+00 -3.492758096091493347e-01 -4.582049333685520587e-01 -5.296793782206561385e-01 -5.218574527984041200e-01 -4.774239200020953811e-01 -4.817376898770759919e-01 -4.772412682313931231e-01 -4.763017197874170883e-01 -4.769807387305097790e-01
5.100000000000000533e+00 -6.401464990064595906e-01 -5.379306542208384112e-01 -5.562086312770606611e-01 -5.048880647983637893e-01 -5.180328143144795616e-01 -5.146481346303434234e-01 -5.220249512834264083e-01 -5.211079727577547782e-01 -5.221913390887495954e-01
5.200000000000000178e+00 -5.942252477155716139e-01 -6.504774921847557012e-01 -5.431696735289058831e-01 -6.082180637457221817e-01 -5.841858636402286198e-01 -5.725823019280794623e-01 -5.636630367122041907e-01 -5.663498085532004955e-01 -5.698152333213065690e-01
5.300000000000000711e+00 -4.412016500543312070e-01 -6.114054507301743824e-01 -6.382975828734598345e-01 -6.328210230631239330e-01 -6.125866403130173499e-01 -6.139749271191953239e-01 -6.118811628867464325e-01 -6.171242275860977511e-01 -6.149829554035346479e-01
5.400000000000000355e+00 -6.277469374456480233e-01 -5.225599165488441500e-01 -6.849449092844540621e-01 -6.613130333115949666e-01 -6.573374466631519697e-01 -6.480638013909828521e-01 -6.589005148214523988e-01 -6.574854924906711195e-01 -6.593949987582303773e-01
5.500000000000000000e+00 -5.039999570084976455e-01 -7.240751481849598825e-01 -7.264683486324866601e-01 -7.028497817043707352e-01 -7.018281124751947209e-01 -6.882299412203926048e-01 -6.962771909971408046e-01 -7.008706338805225089e-01 -7.009203597370803340e-01
5.600000000000000533e+00 -6.177501049635097941e-01 -6.522276224590837224e-01 -7.480247975399270111e-01 -7.605609078062536277e-01 -7.369385030255455327e-01 -7.415176881204471604e-01 -7.429241346930399725e-01 -7.401159764166430621e-01 -7.414375391493581713e-01
5.700000000000000178e+00 -1.037079176112614354e+00 -7.742057183718823454e-01 -7.690085664503115703e-01 -7.840350784265429640e-01 -7.929627432800963049e-01 -7.755212368737416373e-01 -7.773734494616720836e-01 -7.812049962240067424e-01 -7.794478232442790810e-01
5.800000000000000711e+00 -9.112006459968670091e-01 -7.905444405469053137e-01 -7.773731741492451164e-01 -8.129550477192071245e-01 -8.186000005479517894e-01 -8.340894554183894138e-01 -8.174752801623054177e-01 -8.192125895594101204e-01 -8.191420001194770206e-01
5.900000000000000355e+00 -7.417573784986329910e-01 -8.021295179961419608e-01 -8.324059292531814647e-01 -8.414652682871828215e-01 -8.566059599610126307e-01 -8.502546200617646655e-01 -8.517690751971904728e-01 -8.518024954828422590e-01 -8.542588218469290284e-01
6.000000000000000000e+00 -1.047137525786368428e+00 -8.987408054362879817e-01 -8.541437440807789772e-01 -8.787252487734610318e-01 -8.820688441105303257e-01 -8.878146459156921466e-01 -8.866308857883551386e-01 -8.821643891545818406e-01 -8.834189729814170278e-01
6.100000000000000533e+00 -7.939396984856761375e-01 -8.388606012537964673e-01 -9.603747063924389371e-01 -9.131412788928704449e-01 -9.097208930837589191e-01 -9.189071637293858563e-01 -9.171261523977122243e-01 -9.144267506471716045e-01 -9.156686487996053003e-01
6.200000000000000178e+00 -9.327760588410627385e-01 -9.099432750889859811e-01 -9.175168168676549607e-01 -9.248201803982026847e-01 -9.278195162955725772e-01 -9.426172705992206247e-01 -9.405590587861587526e-01 -9.443197897455706258e-01 -9.429607254171835651e-01
6.300000000000000711e+00 -1.025771672945325896e+00 -1.030826936460216947e+00 -9.532630363733399781e-01 -9.717674238004235798e-01 -9.775253329683936121e-01 -9.661322224055015617e-01 -9.603305675191330382e-01 -9.665326232670659046e-01 -9.652767271803283089e-01
6.400000000000000355e+00 -1.076051486397473944e+00 -8.552591041006101236e-01 -9.612044796008161196e-01 -1.007768678261527606e+00 -9.865606940913453915e-01 -9.873968895751535912e-01 -9.862292778325211229e-01 -9.864455701922704156e-01 -9.871908302264807977e-01
6.500000000000000000e+00 -1.002640873371321018e+00 -1.005226203820893449e+00 -9.685401646865727798e-01 -9.950468555606837295e-01 -1.010536144879159215e+00 -9.939570448826152704e-01 -1.001098174510071326e+00 -1.005749570675419369e+00 -1.007412649673464555e+00
6.600000000000000533e+00 -9.507302232935750386e-01 -1.086221908270135206e+00 -9.929859413544940283e-01 -1.033572892580578273e+00 -1.022205012003563951e+00 -1.015383523530626553e+00 -1.022550233235429262e+00 -1.022972056891362946e+00 -1.020246209472393417e+00
6.700000000000000178e+00 -1.023202644734877209e+00 -1.025267048463740061e+00 -1.048263432786155525e+00 -1.060611508055994578e+00 -1.028397023655773124e+00 -1.039249937188111872e+00 -1.029737857602943674e+00 -1.033548650477193354e+00 -1.033030932263072854e+00
6.800000000000000711e+00 -1.305619657398251032e+00 -1.058584972871185359e+00 -1.030851500098608708e+00 -1.038483109306559626e+00 -1.047672770928716801e+00 -1.046070109211266308e+00 -1.039899329258785698e+00 -1.043654762562388649e+00 -1.040392640576541572e+00
6.900000000000000355e+00 -1.046882028110644569e+00 -9.260705867871258379e-01 -9.880859870383437160e-01 -1.034461945341549560e+00 -1.041311533180458326e+00 -1.057963150021456800e+00 -1.050078046919020069e+00 -1.049263780924269307e+00 -1.047924037068493019e+00
7.000000000000000000e+00 -9.941579350819724770e-01 -1.102800902479749157e+00 -1.074904122962039521e+00 -1.066281332563898232e+00 -1.052282564818703303e+00 -1.055392653016675286e+00 -1.048379653516701593e+00 -1.051655384204987165e+00 -1.049997212306145844e+00
7.100000000000000533e+00 -1.009645707730186581e+00 -1.125984805606529582e+00 -1.045169467246714667e+00 -1.050776619832471059e+00 -1.051865184934094977e+00 -1.052869183178582801e+00 -1.057649378499068593e+00 -1.054890440734621349e+00 -1.051420795429577781e+00
7.200000000000000178e+00 -9.688252554525437210e-01 -9.699793356988966053e-01 -1.054407399851847282e+00 -1.046988307038320798e+00 -1.056162282195139523e+00 -1.056084329606399974e+00 -1.050490382821758217e+00 -1.051266516143088303e+00 -1.050844510337847870e+00
7.300000000000000711e+00 -1.050421838823359266e+00 -1.051169826814629449e+00 -1.020664280597168405e+00 -1.054917225319433216e+00 -1.039605704536212150e+00 -1.042480828525033543e+00 -1.041587079468282662e+00 -1.045586046670646585e+00 -1.045984278296862469e+00
7.400000000000000355e+00 -1.071168294906952090e+00 -1.040376259131937431e+00 -1.089436624228510286e+00 -1.004381965365149565e+00 -1.037185140049955212e+00 -1.040134048403916989e+00 -1.038049127888819756e+00 -1.039139374043828834e+00 -1.039692829201820157e+00
7.500000000000000000e+00 -9.378450475913823192e-01 -1.121893715439936212e+00 -1.053116848388775173e+00 -1.027856898295452570e+00 -1.018435109718092813e+00 -1.032317185566992812e+00 -1.028261370855616086e+00 -1.029556105117535481e+00 -1.029349327271878556e+00
7.600000000000000533e+00 -9.675518936230704803e-01 -9.607735771210830222e-01 -9.851334512649623232e-01 -9.959147659874276748e-01 -1.021771506928829787e+00 -1.010397413981936499e+00 -1.020783734112490349e+00 -1.018014937402972775e+00 -1.017297711671290017e+00
7.700000000000000178e+00 -9.825671779099165448e-01 -9.471600174525038884e-01 -1.052363446253028023e+00 -1.056724503715870789e+00 -1.009891164334424385e+00 -1.006756466927889893e+00 -1.004222392752942339e+00 -1.005314447557805302e+00 -1.004907376471324110e+00
7.800000000000000711e+00 -8.044823924201678356e-01 -1.006095570990222399e+00 -9.864288652106882882e-01 -9.959579146401380534e-01 -9.954053335085286669e-01 -9.885942474592377405e-01 -9.933464433225149826e-01 -9.906195182074374328e-01 -9.903935852675339602e-01
7.900000000000000355e+00 -1.071308200478239270e+00 -9.879487970160879540e-01 -9.303361032142664078e-01 -9.823118181099355084e-01 -9.653096317812370764e-01 -9.818455930372427254e-01 -9.766793750094231452e-01 -9.779296165195552337e-01 -9.755492427511218700e-01
8.000000000000000000e+00 -7.863284645193717726e-01 -9.100233030175384208e-01 -9.597192515915735633e-01 -9.583380886135772769e-01 -9.577864767695544179e-01 -9.621631848685615607e-01 -9.593965063080394096e-01 -9.573758302817302335e-01 -9.575940982531027101e-01
8.099999999999999645e+00 -1.029297429350695126e+00 -1.000116285881955669e+00 -9.884525646547539512e-01 -9.285076822596504131e-01 -9.393734921074989863e-01 -9.415569370739702570e-01 -9.366899323556876489e-01 -9.414212914917798880e-01 -9.424629805987798647e-01
8.200000000000001066e+00 -9.330846104808161456e-01 -8.855685770251928712e-01 -8.815286050266810669e-01 -9.146649875327770296e-01 -9.478234851563368535e-01 -9.227689250532042919e-01 -9.206462220400499774e-01 -9.238797446266889812e-01 -9.230595262086844777e-01
8.300000000000000711e+00 -7.319656062553764331e-01 -8.605241485714315575e-01 -9.091993221763441380e-01 -9.167103023043011722e-01 -8.920695748396335611e-01 -9.147175984370318202e-01 -9.046593150292342456e-01 -9.039013927697047146e-01 -9.049025500810037315e-01
8.400000000000000355e+00 -8.984662989265150834e-01 -8.851740472245083202e-01 -9.095528838640598579e-01 -8.698780421976485266e-01 -8.826460714679060793e-01 -8.906551569429624893e-01 -8.839434496826594767e-01 -8.873216145211055839e-01 -8.869119870227214486e-01
8.500000000000000000e+00 -9.767387633090683918e-01 -9.745127338332929545e-01 -8.767796097679192435e-01 -8.421459304521118350e-01 -8.560082073823928051e-01 -8.739372504643450057e-01 -8.630764845579500522e-01 -8.694772967590832513e-01 -8.709520301662982966e-01
8.599999999999999645e+00 -8.210533125155512479e-01 -8.210123710458304691e-01 -8.504583261828798646e-01 -8.405832905148367118e-01 -8.592605090072115148e-01 -8.543212743289002598e-01 -8.495049053611366530e-01 -8.468186981351977227e-01 -8.505177618029485798e-01
8.700000000000001066e+00 -6.800939979557160120e-01 -7.808642648275194720e-01 -8.050265173718599288e-01 -8.420189921799190458e-01 -8.396090435093133131e-01 -8.232501568015380133e-01 -8.341518955842508465e-01 -8.364788903821293031e-01 -8.353003733422048604e-01
8.800000000000000711e+00 -7.796055067117158011e-01 -7.927532564721893049e-01 -8.171939880781771137e-01 -8.489533201861052536e-01 -8.327264454919584002e-01 -8.252889991247163159e-01 -8.227822650530498549e-01 -8.161819503491917205e-01 -8.210693161722319999e-01
8.900000000000000355e+00 -8.293203104319067931e-01 -7.328063551749809390e-01 -7.879283625367465849e-01 -8.309810009506291006e-01 -8.066444625387910738e-01 -8.088459684706978958e-01 -8.057785639768006991e-01 -8.074229071820053782e-01 -8.041667344546850060e-01
9.000000000000000000e+00 -7.281869905795961273e-01 -8.283732997089940930e-01 -7.963408086030322464e-01 -7.788111833289417252e-01 -7.943459824624741206e-01 -7.861370666014166897e-01 -7.920155775384059016e-01 -7.931445238338085124e-01 -7.917951601704985576e-01
9.099999999999999645e+00 -6.340735978724028055e-01 -7.291610444735301400e-01 -7.317950083554463081e-01 -7.765845675548149751e-01 -7.597317698896516314e-01 -7.841547540715296805e-01 -7.792489674549436529e-01 -7.819278157779862015e-01 -7.819107031725870405e-01
9.200000000000001066e+00 -7.611148152725775162e-01 -6.976103685806610555e-01 -7.754675833184544453e-01 -7.619663563833729558e-01 -7.914218039088345424e-01 -7.719262014298273744e-01 -7.794012560024019542e-01 -7.744784144172158769e-01 -7.735771567283989958e-01
9.300000000000000711e+00 -8.337722147671650097e-01 -7.582872715302395594e-01 -7.249874556626385580e-01 -7.668197327400599894e-01 -7.652429149952920673e-01 -7.688253753285533287e-01 -7.601552164857647842e-01 -7.663786170324672353e-01 -7.654099477422913189e-01
9.400000000000000355e+00 -7.404262736296352010e-01 -6.983474267909715039e-01 -7.681174023156308595e-01 -7.961359103818371752e-01 -7.380924359261558099e-01 -7.518143083560342443e-01 -7.627568287364526745e-01 -7.617967684418102126e-01 -7.604557876977378061e-01
9.500000000000000000e+00 -7.456617705723188605e-01 -8.089002962409184150e-01 -7.626898346833892450e-01 -7.649168652646146649e-01 -7.596598000860521616e-01 -7.583288583908870395e-01 -7.612941606539304074e-01 -7.587808050612371291e-01 -7.578136933983454782e-01
9.600000000000001421e+00 -6.654056672370457504e-01 -8.900215794301105099e-01 -7.556591358446473894e-01 -7.619263760808080432e-01 -7.560963840368734035e-01 -7.508997338709368918e-01 -7.644511460488304655e-01 -7.565757912117949679e-01 -7.572513445507604857e-01
9.700000000000001066e+00 -7.488762947661322666e-01 -7.392795469630280003e-01 -7.986464439560733153e-01 -7.579034315982942083e-01 -7.612606743882418536e-01 -7.635674999822795739e-01 -7.605981588447089381e-01 -7.606183684048789528e-01 -7.598107007896399701e-01
9.800000000000000711e+00 -6.222710007701709456e-01 -6.362079106959372954e-01 -7.633259141044783647e-01 -7.798730837606707711e-01 -7.597061481855869047e-01 -7.815843587998765329e-01 -7.688389853135974006e-01 -7.687422747661475375e-01 -7.635410541161350428e-01
9.900000000000000355e+00 -7.769357831005374582e-01 -7.666899416348693652e-01 -7.917807785538919507e-01 -7.527374534471620304e-01 -7.762164681562454538e-01 -7.702060820620656445e-01 -7.787415341511195743e-01 -7.745613838514361360e-01 -7.740086175710352290e-01
1.000000000000000000e+01 -6.347856434349588017e-01 -7.074846912939320998e-01 -7.747666766702133723e-01 -7.956054137676367155e-01 -7.799468844502512876e-01 -7.830970373839021281e-01 -7.841274964259505875e-01 -7.850182989017511215e-01 -7.810345159756514333e-01
